1
-36
-66
68
-38
23
82
-1
67
-54
97
80
-46
30
-48
38
86
-38
-40
-46
82
78
-68
57
-49
-21
32
92
24
97
89
-40
55
-62
-86
-67
45
-47
24
-93
-47
-32
-49
52
47
24
79
58
16
70
35
91
55
-16
42
-41
46
-82
-65
-47
90
-47
-83
-64
73
-80
35
-81
8
45
37
-58
-73
-23
-13
45
98
-25
-12
68
46
-67
82
-42
-26
38
73
77
-38
-75
-36
13
91
-55
-95
-70
40
-47
90
-78
-61
4
98
-52
-67
-73
-17
-46
-91
51
49
79
-29
36
0
-44
31
1
75
-60
97
-5
-81
97
63
-64
70
-43
26
91
-73
12
-82
-63
46
-18
48
-59
73
60
89
34
35
-53
98
35
-99
-10
24
41
87
15
71
-45
-24
76
73
28
82
-38
-4
8
-20
31
6
-57
-38
-34
-19
-51
17
-89
56
75
-94
-78
-37
-27
45
-57
59
51
-17
-19
7
73
13
39
-23
5
-21
-31
13
82
17
35
34
57
34
-85
85
51
45
25
-3
45
25
-52
-32
-31
-76
-42
-22
-51
-74
-10
2
63
34
100
-39
-20
-32
-19
-42
55
49
-18
-16
-45
-91
-81
-9
-65
25
-31
-19
-33
-13
-60
46
-13
-19
-97
-75
-9
-61
-82
-21
-23
-96
-86
-16
12
-93
40
-16
47
6
-22
-39
22
-49
97
-24
36
9
-82
-15
-5
-90
-42
17
-7
78
25
-21
58
19
45
49
2
-63
70
92
11
17
-2
-93
-27
-34
-87
-28
34
26
-20
-53
81
99
100
-2
95
-2
17
28
-73
2
-68
35
-99
29
-57
58
-100
-66
-26
52
15
-50
81
-34
81
42
18
-14
39
63
-10
68
65
74
-40
70
-84
-80
76
70
-28
-36
-9
98
-86
24
-48
80
23
-83
58
-5
-75
91
78
-43
35
-99
-24
96
3
-93
-33
3
-25
-14
22
97
98
68
93
100
-60
84
-58
-47
-73
-26
-19
-70
-49
-21
56
-93
-20
30
-1
-88
-74
88
-95
62
16
-83
-34
-76
33
-49
68
18
-60
54
87
45
19
-83
-92
-9
-68
-19
26
-67
66
89
-21
7
2
-14
23
75
-18
87
99
-24
12
-27
-51
59
-83
5
-14
26
-3
46
-96
16
44
-78
76
98
-11
-82
-46
30
38
37
19
73
-21
3
65
36
-32
-93
90
57
-89
32
-17
-32
-86
41
-84
56
-92
-21
99
-35
56
97
92
49
-59
-92
-71
-43
99
-93
-94
-92
-75
-40
-20
90
-95
18
22
-14
18
51
34
49
53
93
90
-16
-22
-46
84
24
-51
-35
-52
-31
-26
57
71
21
91
25
77
6
-45
-91
-95
40
-35
46
71
-54
-47
22
-90
-51
-84
-29
4
-49
-90
8
23
-84
-74
15
12
80
100
44
-84
-65
-32
-98
-7
91
57
-92
85
-84
82
-13
-16
48
-77
36
-48
8
-92
-75
-70
-24
-78
72
-5
21
-64
37
-19
-75
4
-61
62
-98
-43
91
4
-2
-47
-50
25
-97
21
94
25
11
34
32
57
49
79
50
60
31
50
-8
85
-83
-79
-74
90
-52
89
-2
54
87
54
-52
-98
81
61
-34
31
80
-54
-89
-45
38
63
48
-43
32
11
17
85
58
-44
21
10
82
-63
7
38
-48
54
43
82
58
7
-22
4
3
51
-32
-92
-24
19
88
87
8
-69
61
-31
-1
65
35
86
-13
-60
42
80
39
54
-67
-16
7
-89
-27
53
-67
41
-5
3
35
72
90
85
58
97
-78
51
99
31
-45
-81
-91
-16
-78
36
-89
58
-63
76
-41
53
94
56
96
90
92
97
-65
-32
-45
-57
-72
97
3
-80
33
41
68
-99
70
-75
69
45
15
-54
2
-72
49
46
25
97
8
16
-75
-98
85
45
-89
53
-58
-57
57
17
37
10
24
-57
-42
79
-42
77
48
95
44
-67
78
-47
-53
99
-44
-78
87
-77
-57
-77
-4
25
67
-34
-71
-18
-24
-57
30
44
95
-29
58
84
-7
-100
-42
98
20
84
64
0
-1
-8
18
-39
-55
99
-73
-11
87
35
-63
33
12
-13
-1
-71
17
-44
75
-27
95
-7
-73
-4
39
50
11
-74
2
-4
88
-92
-56
-68
93
-80
-8
-63
-35
49
-33
-50
2
-74
-68
12
-49
91
-12
32
40
21
-43
85
32
-14
-92
-97
-7
54
73
64
-16
-24
34
-96
-47
33
56
73
100
-47
-63
-95
-60
-85
72
72
-26
-84
-16
-92
56
-10
-61
-73
-44
-56
96
14
-99
-15
19
20
-64
-64
-63
-79
41
-96
-50
-3
79
61
61
58
57
-18
-70
-45
-89
97
66
58
71
-15
-80
16
90
66
-53
77
49
-41
-39
89
25
-66
-48
-42
-85
-3
81
46
-17
34
-66
91
-63
-68
-15
56
40
-92
-81
-51
63
0
-58
43
-94
-24
39
54
73
59
-92
61
-10
52
80
-6
55
-74
92
-68
-92
-50
67
-38
-76
2
64
60
-92
17
-68
87
-69
-50
44
18
99
-2
87
54
41
84
-45
-46
-48
-20
-18
54
15
-80
-55
2
52
4
-76
62
52
-94
-1
-87
76
-47
37
64
-3
46
21
16
91
-36
22
-88
-87
57
41
21
-81
45
